player 500 500 1 0 0 0
sun 1500 500 0
1 50

player 500 250 1 1.9 0 0
sun 500 500 1000
sun 1500 500 0
2 50

player 500 250 1 1.9 0 0
sun 500 500 1000
sun 1500 500 0
sun 1000 500 1000
2 50

player 500 190 2 2.2 0 0
sun 500 500 1000
planet 500 200 1.8 0 2
planet 500 900 -1.6 0 0
3 50

player 500 550 2 0 0 0
planet 500 400 1.5 0 1000
planet 500 700 -1.5 0 1000
sun 1500 550 0
3 50

player 1500 500 3 0 -0.5 0
sun 500 500 1000
planet 500 200 1.5 0 100
planet 500 800 -1.5 0 100
planet 200 500 0 -1.5 100
planet 800 500 0 1.5 100
1 20

player 500 250 3 1.9 0 0
sun 300 500 500
sun 1500 500 0
sun 1000 500 2000 False
2 30

player 500 900 3 -1.6 0 0
sun 500 500 1000
planet 500 100 1.55 0 500
planet 500 25 3.95 0 0
3 20

player 500 400 4 7 0 0
sun 500 500 5000
sun 1000 800 1000
sun 1500 200 0
3 30

player 1500 400 4 2 0 0
sun 1500 500 500
sun 300 200 450
planet 300 50 1.3 0 0
3 20

player 500 500 1 3 0 0
sun 1500 500 0
1 500