player 500 500 1 0 0 0
sun 1500 500 0
1 50

player 805 205 2 1.3800000000000001 -0.34 0
sun 977 521 1022.0078277586722
planet 593 528 0.13 1.42 0
2 50

player 129 778 3 0.42 -1.11 0
sun 700 877 685.9300255857006
sun 876 728 0
2 50

player 500 250 1 1.9 0 0
sun 500 500 1000
sun 1500 500 0
2 50

player 1111.8341587770608 514.5230651418655 4 0.62 -1.73 0
sun 865 462 1287.3616430513998
sun 1686 218 0
2 50

player 572 597 1 -0.16 -1.0 0
sun 913 494 686.2215385719105
sun 1533 191 0
2 50

player 515 674 1 -0.18 -1.15 0
sun 1014 513 732.4616030891996
sun 1674 142 0
2 50

player 660 549 4 0.03 -3.54 0
sun 468 545 3363.004608976919
planet 1443 587 0.0 -1.83 0
2 50

player 1527 905 4 -0.25 -2.25 0
sun 1244 206 1650.4847772699995
sun 229 847 0
2 50

player 1777.351340203316 332.0662416285451 4 0.0 -1.95 0
sun 1064 492 1221.9656296312103
sun 423 293 0
2 50

player 500 250 1 1.9 0 0
sun 500 500 1000
sun 1500 500 0
sun 1000 500 1000
2 50

player 500 190 2 2.2 0 0
sun 500 500 1000
planet 500 200 1.8 0 2
planet 500 900 -1.6 0 0
3 50

player 500 550 2 0 0 0
planet 500 400 1.5 0 1000
planet 500 700 -1.5 0 1000
sun 1500 550 0
3 50

player 1500 500 3 0 -0.5 0
sun 500 500 1000
planet 500 200 1.5 0 100
planet 500 800 -1.5 0 100
planet 200 500 0 -1.5 100
planet 800 500 0 1.5 100
1 20

player 500 250 3 1.9 0 0
sun 300 500 500
sun 1500 500 0
sun 1000 500 2000 False
2 30

player 500 900 3 -1.6 0 0
sun 500 500 1000
planet 500 100 1.55 0 500
planet 500 25 3.95 0 0
3 20

player 500 400 4 7 0 0
sun 500 500 5000
sun 1000 800 1000
sun 1500 200 0
3 30

player 1500 400 4 2 0 0
sun 1500 500 500
sun 300 200 450
planet 300 50 1.3 0 0
3 20

planet 293 585 0.0 -0.18 94.86833
player 208 584 3 0.0 -1.31 0
planet 1605 635 0.0 0.18 94.86833
planet 1751 635 0.03 1.01 0
3 50 Mader

planet 1000 500 0 0.11 1000
planet 1800 500 0 -1.1 100
player 1900 500 1 0 -2 10
planet 500 500 0 1.5 0
3 50 Mader